2 8 96  
-1 4 0 0 1 1 
2 1 2 -1 3 4 -1 
0 4 1 1 0 0 
2 1 4 -1 2 3 -1 
-1 8 0 0 0 1 1 1 2 1 
6 1 7 -1 2 7 -1 3 7 -1 4 8 -1 5 8 -1 6 8 -1 
-1 8 0 0 1 1 1 0 2 1 
6 1 7 -1 2 7 -1 3 8 -1 4 8 -1 5 8 -1 6 7 -1 
-1 8 0 1 0 1 0 1 2 1 
6 1 7 -1 2 8 -1 3 7 -1 4 8 -1 5 7 -1 6 8 -1 
-1 8 1 0 0 0 1 1 2 1 
6 1 8 -1 2 7 -1 3 7 -1 4 7 -1 5 8 -1 6 8 -1 
-2 8 0 0 0 1 1 1 1 2 
6 1 7 -1 2 7 -1 3 7 -1 4 8 -1 5 8 -1 6 8 -1 
0 8 1 1 1 0 0 0 1 2 
6 1 7 -1 2 7 -1 3 8 -1 4 8 -1 5 8 -1 6 7 -1 
0 8 1 1 1 0 0 0 1 2 
6 1 7 -1 2 8 -1 3 7 -1 4 8 -1 5 7 -1 6 8 -1 
0 8 1 1 1 0 0 0 1 2 
6 1 8 -1 2 7 -1 3 7 -1 4 7 -1 5 8 -1 6 8 -1 
-1 10 0 0 0 1 1 1 1 0 3 1 
8 1 9 -1 2 9 -1 3 9 -1 4 10 -1 5 10 -1 6 10 -1 7 10 -1 8 9 -1 
-1 10 0 0 1 0 1 1 0 1 3 1 
8 1 9 -1 2 9 -1 3 10 -1 4 9 -1 5 10 -1 6 10 -1 7 9 -1 8 10 -1 
-1 10 0 1 0 0 1 0 1 1 3 1 
8 1 9 -1 2 10 -1 3 9 -1 4 9 -1 5 10 -1 6 9 -1 7 10 -1 8 10 -1 
-1 10 1 0 0 0 0 1 1 1 3 1 
8 1 10 -1 2 9 -1 3 9 -1 4 9 -1 5 9 -1 6 10 -1 7 10 -1 8 10 -1 
0 10 1 1 1 1 0 0 0 0 1 3 
8 1 9 -1 2 9 -1 3 9 -1 4 10 -1 5 10 -1 6 10 -1 7 10 -1 8 9 -1 
0 10 1 1 1 1 0 0 0 0 1 3 
8 1 9 -1 2 9 -1 3 10 -1 4 9 -1 5 10 -1 6 10 -1 7 9 -1 8 10 -1 
0 10 1 1 1 1 0 0 0 0 1 3 
8 1 9 -1 2 10 -1 3 9 -1 4 9 -1 5 10 -1 6 9 -1 7 10 -1 8 10 -1 
0 10 1 1 1 1 0 0 0 0 1 3 
8 1 10 -1 2 9 -1 3 9 -1 4 9 -1 5 9 -1 6 10 -1 7 10 -1 8 10 -1 
-3 10 0 0 0 0 2 1 1 1 2 3 
8 1 9 -2 2 9 -1 3 9 -1 4 9 -1 5 10 -2 6 10 -1 7 10 -1 8 10 -1 
0 10 2 1 1 1 0 0 0 0 2 3 
8 1 9 -2 2 9 -1 3 10 -1 4 10 -1 5 10 -2 6 10 -1 7 9 -1 8 9 -1 
0 10 2 1 1 1 0 0 0 0 2 3 
8 1 9 -2 2 10 -1 3 9 -1 4 10 -1 5 10 -2 6 9 -1 7 10 -1 8 9 -1 
0 10 2 1 1 1 0 0 0 0 2 3 
8 1 9 -2 2 10 -1 3 10 -1 4 9 -1 5 10 -2 6 9 -1 7 9 -1 8 10 -1 
-2 10 0 0 0 0 2 1 1 1 3 2 
8 1 9 -2 2 9 -1 3 9 -1 4 9 -1 5 10 -2 6 10 -1 7 10 -1 8 10 -1 
-1 10 1 0 1 1 1 1 0 0 3 2 
8 1 9 -2 2 9 -1 3 10 -1 4 10 -1 5 10 -2 6 10 -1 7 9 -1 8 9 -1 
-1 10 1 1 0 1 1 0 1 0 3 2 
8 1 9 -2 2 10 -1 3 9 -1 4 10 -1 5 10 -2 6 9 -1 7 10 -1 8 9 -1 
-1 10 1 1 1 0 1 0 0 1 3 2 
8 1 9 -2 2 10 -1 3 10 -1 4 9 -1 5 10 -2 6 9 -1 7 9 -1 8 10 -1 
-3 10 0 0 0 0 1 2 1 1 2 3 
8 1 9 -1 2 9 -2 3 9 -1 4 9 -1 5 10 -1 6 10 -2 7 10 -1 8 10 -1 
0 10 1 2 1 1 0 0 0 0 2 3 
8 1 9 -1 2 9 -2 3 10 -1 4 10 -1 5 10 -1 6 10 -2 7 9 -1 8 9 -1 
-1 10 1 1 1 0 0 1 0 1 2 3 
8 1 9 -1 2 10 -2 3 9 -1 4 10 -1 5 10 -1 6 9 -2 7 10 -1 8 9 -1 
-1 10 1 1 0 1 0 1 1 0 2 3 
8 1 9 -1 2 10 -2 3 10 -1 4 9 -1 5 10 -1 6 9 -2 7 9 -1 8 10 -1 
-2 10 0 0 0 0 1 2 1 1 3 2 
8 1 9 -1 2 9 -2 3 9 -1 4 9 -1 5 10 -1 6 10 -2 7 10 -1 8 10 -1 
-1 10 0 1 1 1 1 1 0 0 3 2 
8 1 9 -1 2 9 -2 3 10 -1 4 10 -1 5 10 -1 6 10 -2 7 9 -1 8 9 -1 
0 10 1 2 1 1 0 0 0 0 3 2 
8 1 9 -1 2 10 -2 3 9 -1 4 10 -1 5 10 -1 6 9 -2 7 10 -1 8 9 -1 
0 10 1 2 1 1 0 0 0 0 3 2 
8 1 9 -1 2 10 -2 3 10 -1 4 9 -1 5 10 -1 6 9 -2 7 9 -1 8 10 -1 
-3 10 0 0 0 0 1 1 2 1 2 3 
8 1 9 -1 2 9 -1 3 9 -2 4 9 -1 5 10 -1 6 10 -1 7 10 -2 8 10 -1 
-1 10 1 1 1 0 0 0 1 1 2 3 
8 1 9 -1 2 9 -1 3 10 -2 4 10 -1 5 10 -1 6 10 -1 7 9 -2 8 9 -1 
0 10 1 1 2 1 0 0 0 0 2 3 
8 1 9 -1 2 10 -1 3 9 -2 4 10 -1 5 10 -1 6 9 -1 7 10 -2 8 9 -1 
-1 10 1 0 1 1 0 1 1 0 2 3 
8 1 9 -1 2 10 -1 3 10 -2 4 9 -1 5 10 -1 6 9 -1 7 9 -2 8 10 -1 
-2 10 0 0 0 0 1 1 2 1 3 2 
8 1 9 -1 2 9 -1 3 9 -2 4 9 -1 5 10 -1 6 10 -1 7 10 -2 8 10 -1 
0 10 1 1 2 1 0 0 0 0 3 2 
8 1 9 -1 2 9 -1 3 10 -2 4 10 -1 5 10 -1 6 10 -1 7 9 -2 8 9 -1 
-1 10 0 1 1 1 1 0 1 0 3 2 
8 1 9 -1 2 10 -1 3 9 -2 4 10 -1 5 10 -1 6 9 -1 7 10 -2 8 9 -1 
0 10 1 1 2 1 0 0 0 0 3 2 
8 1 9 -1 2 10 -1 3 10 -2 4 9 -1 5 10 -1 6 9 -1 7 9 -2 8 10 -1 
-3 10 0 0 0 0 1 1 1 2 2 3 
8 1 9 -1 2 9 -1 3 9 -1 4 9 -2 5 10 -1 6 10 -1 7 10 -1 8 10 -2 
-1 10 1 1 0 1 0 0 1 1 2 3 
8 1 9 -1 2 9 -1 3 10 -1 4 10 -2 5 10 -1 6 10 -1 7 9 -1 8 9 -2 
-1 10 1 0 1 1 0 1 0 1 2 3 
8 1 9 -1 2 10 -1 3 9 -1 4 10 -2 5 10 -1 6 9 -1 7 10 -1 8 9 -2 
0 10 1 1 1 2 0 0 0 0 2 3 
8 1 9 -1 2 10 -1 3 10 -1 4 9 -2 5 10 -1 6 9 -1 7 9 -1 8 10 -2 
-2 10 0 0 0 0 1 1 1 2 3 2 
8 1 9 -1 2 9 -1 3 9 -1 4 9 -2 5 10 -1 6 10 -1 7 10 -1 8 10 -2 
0 10 1 1 1 2 0 0 0 0 3 2 
8 1 9 -1 2 9 -1 3 10 -1 4 10 -2 5 10 -1 6 10 -1 7 9 -1 8 9 -2 
0 10 1 1 1 2 0 0 0 0 3 2 
8 1 9 -1 2 10 -1 3 9 -1 4 10 -2 5 10 -1 6 9 -1 7 10 -1 8 9 -2 
-1 10 0 1 1 1 1 0 0 1 3 2 
8 1 9 -1 2 10 -1 3 10 -1 4 9 -2 5 10 -1 6 9 -1 7 9 -1 8 10 -2 
-2 10 0 0 0 0 1 1 1 1 2 2 
8 1 9 -1 2 9 -1 3 9 -1 4 9 -1 5 10 -1 6 10 -1 7 10 -1 8 10 -1 
0 10 1 1 1 1 0 0 0 0 2 2 
8 1 9 -1 2 9 -1 3 10 -1 4 10 -1 5 10 -1 6 10 -1 7 9 -1 8 9 -1 
0 10 1 1 1 1 0 0 0 0 2 2 
8 1 9 -1 2 10 -1 3 9 -1 4 10 -1 5 10 -1 6 9 -1 7 10 -1 8 9 -1 
0 10 1 1 1 1 0 0 0 0 2 2 
8 1 9 -1 2 10 -1 3 10 -1 4 9 -1 5 10 -1 6 9 -1 7 9 -1 8 10 -1 
-2 10 0 0 0 0 1 1 1 1 2 2 
8 1 9 -1 2 9 -1 3 9 -1 4 9 -1 5 10 -1 6 10 -1 7 10 -1 8 10 -1 
0 10 1 1 1 1 0 0 0 0 2 2 
8 1 9 -1 2 9 -1 3 10 -1 4 10 -1 5 10 -1 6 10 -1 7 9 -1 8 9 -1 
0 10 1 1 1 1 0 0 0 0 2 2 
8 1 9 -1 2 10 -1 3 9 -1 4 10 -1 5 10 -1 6 9 -1 7 10 -1 8 9 -1 
0 10 1 1 1 1 0 0 0 0 2 2 
8 1 9 -1 2 10 -1 3 10 -1 4 9 -1 5 10 -1 6 9 -1 7 9 -1 8 10 -1 
-2 12 0 0 0 0 1 1 1 1 1 2 2 1 
10 1 9 -1 2 9 -1 3 10 -1 4 10 -1 5 11 -1 6 11 -1 7 12 -1 8 12 -1 9 10 -1 11 12 -1 
0 12 1 1 1 1 0 0 0 0 1 2 2 1 
10 1 9 -1 2 9 -1 3 12 -1 4 12 -1 5 11 -1 6 11 -1 7 10 -1 8 10 -1 9 10 -1 11 12 -1 
0 12 1 1 1 1 0 0 0 0 1 2 2 1 
10 1 9 -1 2 11 -1 3 10 -1 4 12 -1 5 11 -1 6 9 -1 7 12 -1 8 10 -1 9 10 -1 11 12 -1 
0 12 1 1 1 1 0 0 0 0 1 2 2 1 
10 1 9 -1 2 11 -1 3 12 -1 4 10 -1 5 11 -1 6 9 -1 7 10 -1 8 12 -1 9 10 -1 11 12 -1 
-2 12 0 0 0 0 1 1 1 1 2 1 1 2 
10 1 9 -1 2 9 -1 3 10 -1 4 10 -1 5 11 -1 6 11 -1 7 12 -1 8 12 -1 9 10 -1 11 12 -1 
-2 12 0 0 0 0 1 1 1 1 2 1 1 2 
10 1 9 -1 2 9 -1 3 12 -1 4 12 -1 5 11 -1 6 11 -1 7 10 -1 8 10 -1 9 10 -1 11 12 -1 
0 12 1 1 1 1 0 0 0 0 2 1 1 2 
10 1 9 -1 2 11 -1 3 10 -1 4 12 -1 5 11 -1 6 9 -1 7 12 -1 8 10 -1 9 10 -1 11 12 -1 
0 12 1 1 1 1 0 0 0 0 2 1 1 2 
10 1 9 -1 2 11 -1 3 12 -1 4 10 -1 5 11 -1 6 9 -1 7 10 -1 8 12 -1 9 10 -1 11 12 -1 
-2 12 0 0 0 0 1 1 1 1 1 2 2 1 
10 1 9 -1 2 10 -1 3 9 -1 4 10 -1 5 11 -1 6 12 -1 7 11 -1 8 12 -1 9 10 -1 11 12 -1 
0 12 1 1 1 1 0 0 0 0 1 2 2 1 
10 1 9 -1 2 10 -1 3 11 -1 4 12 -1 5 11 -1 6 12 -1 7 9 -1 8 10 -1 9 10 -1 11 12 -1 
0 12 1 1 1 1 0 0 0 0 1 2 2 1 
10 1 9 -1 2 12 -1 3 9 -1 4 12 -1 5 11 -1 6 10 -1 7 11 -1 8 10 -1 9 10 -1 11 12 -1 
0 12 1 1 1 1 0 0 0 0 1 2 2 1 
10 1 9 -1 2 12 -1 3 11 -1 4 10 -1 5 11 -1 6 10 -1 7 9 -1 8 12 -1 9 10 -1 11 12 -1 
-2 12 0 0 0 0 1 1 1 1 2 1 1 2 
10 1 9 -1 2 10 -1 3 9 -1 4 10 -1 5 11 -1 6 12 -1 7 11 -1 8 12 -1 9 10 -1 11 12 -1 
0 12 1 1 1 1 0 0 0 0 2 1 1 2 
10 1 9 -1 2 10 -1 3 11 -1 4 12 -1 5 11 -1 6 12 -1 7 9 -1 8 10 -1 9 10 -1 11 12 -1 
-2 12 0 0 0 0 1 1 1 1 2 1 1 2 
10 1 9 -1 2 12 -1 3 9 -1 4 12 -1 5 11 -1 6 10 -1 7 11 -1 8 10 -1 9 10 -1 11 12 -1 
0 12 1 1 1 1 0 0 0 0 2 1 1 2 
10 1 9 -1 2 12 -1 3 11 -1 4 10 -1 5 11 -1 6 10 -1 7 9 -1 8 12 -1 9 10 -1 11 12 -1 
-2 12 0 0 0 0 1 1 1 1 1 2 2 1 
10 1 9 -1 2 10 -1 3 10 -1 4 9 -1 5 11 -1 6 12 -1 7 12 -1 8 11 -1 9 10 -1 11 12 -1 
0 12 1 1 1 1 0 0 0 0 1 2 2 1 
10 1 9 -1 2 10 -1 3 12 -1 4 11 -1 5 11 -1 6 12 -1 7 10 -1 8 9 -1 9 10 -1 11 12 -1 
0 12 1 1 1 1 0 0 0 0 1 2 2 1 
10 1 9 -1 2 12 -1 3 10 -1 4 11 -1 5 11 -1 6 10 -1 7 12 -1 8 9 -1 9 10 -1 11 12 -1 
0 12 1 1 1 1 0 0 0 0 1 2 2 1 
10 1 9 -1 2 12 -1 3 12 -1 4 9 -1 5 11 -1 6 10 -1 7 10 -1 8 11 -1 9 10 -1 11 12 -1 
-2 12 0 0 0 0 1 1 1 1 2 1 1 2 
10 1 9 -1 2 10 -1 3 10 -1 4 9 -1 5 11 -1 6 12 -1 7 12 -1 8 11 -1 9 10 -1 11 12 -1 
0 12 1 1 1 1 0 0 0 0 2 1 1 2 
10 1 9 -1 2 10 -1 3 12 -1 4 11 -1 5 11 -1 6 12 -1 7 10 -1 8 9 -1 9 10 -1 11 12 -1 
0 12 1 1 1 1 0 0 0 0 2 1 1 2 
10 1 9 -1 2 12 -1 3 10 -1 4 11 -1 5 11 -1 6 10 -1 7 12 -1 8 9 -1 9 10 -1 11 12 -1 
-2 12 0 0 0 0 1 1 1 1 2 1 1 2 
10 1 9 -1 2 12 -1 3 12 -1 4 9 -1 5 11 -1 6 10 -1 7 10 -1 8 11 -1 9 10 -1 11 12 -1 
-2 12 0 0 0 0 1 1 1 1 1 2 2 1 
10 1 10 -1 2 9 -1 3 9 -1 4 10 -1 5 12 -1 6 11 -1 7 11 -1 8 12 -1 9 10 -1 11 12 -1 
0 12 1 1 1 1 0 0 0 0 1 2 2 1 
10 1 10 -1 2 9 -1 3 11 -1 4 12 -1 5 12 -1 6 11 -1 7 9 -1 8 10 -1 9 10 -1 11 12 -1 
0 12 1 1 1 1 0 0 0 0 1 2 2 1 
10 1 10 -1 2 11 -1 3 9 -1 4 12 -1 5 12 -1 6 9 -1 7 11 -1 8 10 -1 9 10 -1 11 12 -1 
-2 12 0 0 0 0 1 1 1 1 1 2 2 1 
10 1 10 -1 2 11 -1 3 11 -1 4 10 -1 5 12 -1 6 9 -1 7 9 -1 8 12 -1 9 10 -1 11 12 -1 
-2 12 0 0 0 0 1 1 1 1 2 1 1 2 
10 1 10 -1 2 9 -1 3 9 -1 4 10 -1 5 12 -1 6 11 -1 7 11 -1 8 12 -1 9 10 -1 11 12 -1 
0 12 1 1 1 1 0 0 0 0 2 1 1 2 
10 1 10 -1 2 9 -1 3 11 -1 4 12 -1 5 12 -1 6 11 -1 7 9 -1 8 10 -1 9 10 -1 11 12 -1 
0 12 1 1 1 1 0 0 0 0 2 1 1 2 
10 1 10 -1 2 11 -1 3 9 -1 4 12 -1 5 12 -1 6 9 -1 7 11 -1 8 10 -1 9 10 -1 11 12 -1 
0 12 1 1 1 1 0 0 0 0 2 1 1 2 
10 1 10 -1 2 11 -1 3 11 -1 4 10 -1 5 12 -1 6 9 -1 7 9 -1 8 12 -1 9 10 -1 11 12 -1 
-2 12 0 0 0 0 1 1 1 1 1 2 2 1 
10 1 10 -1 2 9 -1 3 10 -1 4 9 -1 5 12 -1 6 11 -1 7 12 -1 8 11 -1 9 10 -1 11 12 -1 
0 12 1 1 1 1 0 0 0 0 1 2 2 1 
10 1 10 -1 2 9 -1 3 12 -1 4 11 -1 5 12 -1 6 11 -1 7 10 -1 8 9 -1 9 10 -1 11 12 -1 
-2 12 0 0 0 0 1 1 1 1 1 2 2 1 
10 1 10 -1 2 11 -1 3 10 -1 4 11 -1 5 12 -1 6 9 -1 7 12 -1 8 9 -1 9 10 -1 11 12 -1 
0 12 1 1 1 1 0 0 0 0 1 2 2 1 
10 1 10 -1 2 11 -1 3 12 -1 4 9 -1 5 12 -1 6 9 -1 7 10 -1 8 11 -1 9 10 -1 11 12 -1 
-2 12 0 0 0 0 1 1 1 1 2 1 1 2 
10 1 10 -1 2 9 -1 3 10 -1 4 9 -1 5 12 -1 6 11 -1 7 12 -1 8 11 -1 9 10 -1 11 12 -1 
0 12 1 1 1 1 0 0 0 0 2 1 1 2 
10 1 10 -1 2 9 -1 3 12 -1 4 11 -1 5 12 -1 6 11 -1 7 10 -1 8 9 -1 9 10 -1 11 12 -1 
0 12 1 1 1 1 0 0 0 0 2 1 1 2 
10 1 10 -1 2 11 -1 3 10 -1 4 11 -1 5 12 -1 6 9 -1 7 12 -1 8 9 -1 9 10 -1 11 12 -1 
0 12 1 1 1 1 0 0 0 0 2 1 1 2 
10 1 10 -1 2 11 -1 3 12 -1 4 9 -1 5 12 -1 6 9 -1 7 10 -1 8 11 -1 9 10 -1 11 12 -1 
-2 12 0 0 0 0 1 1 1 1 1 2 2 1 
10 1 10 -1 2 10 -1 3 9 -1 4 9 -1 5 12 -1 6 12 -1 7 11 -1 8 11 -1 9 10 -1 11 12 -1 
-2 12 0 0 0 0 1 1 1 1 1 2 2 1 
10 1 10 -1 2 10 -1 3 11 -1 4 11 -1 5 12 -1 6 12 -1 7 9 -1 8 9 -1 9 10 -1 11 12 -1 
0 12 1 1 1 1 0 0 0 0 1 2 2 1 
10 1 10 -1 2 12 -1 3 9 -1 4 11 -1 5 12 -1 6 10 -1 7 11 -1 8 9 -1 9 10 -1 11 12 -1 
0 12 1 1 1 1 0 0 0 0 1 2 2 1 
10 1 10 -1 2 12 -1 3 11 -1 4 9 -1 5 12 -1 6 10 -1 7 9 -1 8 11 -1 9 10 -1 11 12 -1 
-2 12 0 0 0 0 1 1 1 1 2 1 1 2 
10 1 10 -1 2 10 -1 3 9 -1 4 9 -1 5 12 -1 6 12 -1 7 11 -1 8 11 -1 9 10 -1 11 12 -1 
0 12 1 1 1 1 0 0 0 0 2 1 1 2 
10 1 10 -1 2 10 -1 3 11 -1 4 11 -1 5 12 -1 6 12 -1 7 9 -1 8 9 -1 9 10 -1 11 12 -1 
0 12 1 1 1 1 0 0 0 0 2 1 1 2 
10 1 10 -1 2 12 -1 3 9 -1 4 11 -1 5 12 -1 6 10 -1 7 11 -1 8 9 -1 9 10 -1 11 12 -1 
0 12 1 1 1 1 0 0 0 0 2 1 1 2 
10 1 10 -1 2 12 -1 3 11 -1 4 9 -1 5 12 -1 6 10 -1 7 9 -1 8 11 -1 9 10 -1 11 12 -1 
-1 10 0 0 0 0 1 1 1 1 3 1 
8 1 9 -1 2 9 -1 3 9 -1 4 9 -1 5 10 -1 6 10 -1 7 10 -1 8 10 -1 
-1 10 0 0 1 1 1 1 0 0 3 1 
8 1 9 -1 2 9 -1 3 10 -1 4 10 -1 5 10 -1 6 10 -1 7 9 -1 8 9 -1 
-1 10 0 1 0 1 1 0 1 0 3 1 
8 1 9 -1 2 10 -1 3 9 -1 4 10 -1 5 10 -1 6 9 -1 7 10 -1 8 9 -1 
-1 10 0 1 1 0 1 0 0 1 3 1 
8 1 9 -1 2 10 -1 3 10 -1 4 9 -1 5 10 -1 6 9 -1 7 9 -1 8 10 -1 
-3 10 0 0 0 0 1 1 1 1 1 3 
8 1 9 -1 2 9 -1 3 9 -1 4 9 -1 5 10 -1 6 10 -1 7 10 -1 8 10 -1 
-1 10 1 1 0 0 0 0 1 1 1 3 
8 1 9 -1 2 9 -1 3 10 -1 4 10 -1 5 10 -1 6 10 -1 7 9 -1 8 9 -1 
-1 10 1 0 1 0 0 1 0 1 1 3 
8 1 9 -1 2 10 -1 3 9 -1 4 10 -1 5 10 -1 6 9 -1 7 10 -1 8 9 -1 
-1 10 1 0 0 1 0 1 1 0 1 3 
8 1 9 -1 2 10 -1 3 10 -1 4 9 -1 5 10 -1 6 9 -1 7 9 -1 8 10 -1 
-2 10 1 0 0 1 1 1 1 0 2 3 
8 1 9 -2 2 9 -1 3 9 -1 4 10 -1 5 10 -2 6 10 -1 7 10 -1 8 9 -1 
-2 10 1 0 1 0 1 1 0 1 2 3 
8 1 9 -2 2 9 -1 3 10 -1 4 9 -1 5 10 -2 6 10 -1 7 9 -1 8 10 -1 
-2 10 1 1 0 0 1 0 1 1 2 3 
8 1 9 -2 2 10 -1 3 9 -1 4 9 -1 5 10 -2 6 9 -1 7 10 -1 8 10 -1 
0 10 2 1 1 1 0 0 0 0 2 3 
8 1 10 -2 2 9 -1 3 9 -1 4 9 -1 5 9 -2 6 10 -1 7 10 -1 8 10 -1 
-2 10 0 0 0 1 2 1 1 0 3 2 
8 1 9 -2 2 9 -1 3 9 -1 4 10 -1 5 10 -2 6 10 -1 7 10 -1 8 9 -1 
-2 10 0 0 1 0 2 1 0 1 3 2 
8 1 9 -2 2 9 -1 3 10 -1 4 9 -1 5 10 -2 6 10 -1 7 9 -1 8 10 -1 
-2 10 0 1 0 0 2 0 1 1 3 2 
8 1 9 -2 2 10 -1 3 9 -1 4 9 -1 5 10 -2 6 9 -1 7 10 -1 8 10 -1 
-2 10 2 0 0 0 0 1 1 1 3 2 
8 1 10 -2 2 9 -1 3 9 -1 4 9 -1 5 9 -2 6 10 -1 7 10 -1 8 10 -1 
-2 10 0 1 0 1 1 1 1 0 2 3 
8 1 9 -1 2 9 -2 3 9 -1 4 10 -1 5 10 -1 6 10 -2 7 10 -1 8 9 -1 
-2 10 0 1 1 0 1 1 0 1 2 3 
8 1 9 -1 2 9 -2 3 10 -1 4 9 -1 5 10 -1 6 10 -2 7 9 -1 8 10 -1 
0 10 1 2 1 1 0 0 0 0 2 3 
8 1 9 -1 2 10 -2 3 9 -1 4 9 -1 5 10 -1 6 9 -2 7 10 -1 8 10 -1 
-2 10 1 1 0 0 0 1 1 1 2 3 
8 1 10 -1 2 9 -2 3 9 -1 4 9 -1 5 9 -1 6 10 -2 7 10 -1 8 10 -1 
-2 10 0 0 0 1 1 2 1 0 3 2 
8 1 9 -1 2 9 -2 3 9 -1 4 10 -1 5 10 -1 6 10 -2 7 10 -1 8 9 -1 
-2 10 0 0 1 0 1 2 0 1 3 2 
8 1 9 -1 2 9 -2 3 10 -1 4 9 -1 5 10 -1 6 10 -2 7 9 -1 8 10 -1 
-2 10 0 2 0 0 1 0 1 1 3 2 
8 1 9 -1 2 10 -2 3 9 -1 4 9 -1 5 10 -1 6 9 -2 7 10 -1 8 10 -1 
-2 10 1 0 0 0 0 2 1 1 3 2 
8 1 10 -1 2 9 -2 3 9 -1 4 9 -1 5 9 -1 6 10 -2 7 10 -1 8 10 -1 
-2 10 0 0 1 1 1 1 1 0 2 3 
8 1 9 -1 2 9 -1 3 9 -2 4 10 -1 5 10 -1 6 10 -1 7 10 -2 8 9 -1 
0 10 1 1 2 1 0 0 0 0 2 3 
8 1 9 -1 2 9 -1 3 10 -2 4 9 -1 5 10 -1 6 10 -1 7 9 -2 8 10 -1 
-2 10 0 1 1 0 1 0 1 1 2 3 
8 1 9 -1 2 10 -1 3 9 -2 4 9 -1 5 10 -1 6 9 -1 7 10 -2 8 10 -1 
-2 10 1 0 1 0 0 1 1 1 2 3 
8 1 10 -1 2 9 -1 3 9 -2 4 9 -1 5 9 -1 6 10 -1 7 10 -2 8 10 -1 
-2 10 0 0 0 1 1 1 2 0 3 2 
8 1 9 -1 2 9 -1 3 9 -2 4 10 -1 5 10 -1 6 10 -1 7 10 -2 8 9 -1 
-2 10 0 0 2 0 1 1 0 1 3 2 
8 1 9 -1 2 9 -1 3 10 -2 4 9 -1 5 10 -1 6 10 -1 7 9 -2 8 10 -1 
-2 10 0 1 0 0 1 0 2 1 3 2 
8 1 9 -1 2 10 -1 3 9 -2 4 9 -1 5 10 -1 6 9 -1 7 10 -2 8 10 -1 
-2 10 1 0 0 0 0 1 2 1 3 2 
8 1 10 -1 2 9 -1 3 9 -2 4 9 -1 5 9 -1 6 10 -1 7 10 -2 8 10 -1 
0 10 1 1 1 2 0 0 0 0 2 3 
8 1 9 -1 2 9 -1 3 9 -1 4 10 -2 5 10 -1 6 10 -1 7 10 -1 8 9 -2 
-2 10 0 0 1 1 1 1 0 1 2 3 
8 1 9 -1 2 9 -1 3 10 -1 4 9 -2 5 10 -1 6 10 -1 7 9 -1 8 10 -2 
-2 10 0 1 0 1 1 0 1 1 2 3 
8 1 9 -1 2 10 -1 3 9 -1 4 9 -2 5 10 -1 6 9 -1 7 10 -1 8 10 -2 
-2 10 1 0 0 1 0 1 1 1 2 3 
8 1 10 -1 2 9 -1 3 9 -1 4 9 -2 5 9 -1 6 10 -1 7 10 -1 8 10 -2 
-2 10 0 0 0 2 1 1 1 0 3 2 
8 1 9 -1 2 9 -1 3 9 -1 4 10 -2 5 10 -1 6 10 -1 7 10 -1 8 9 -2 
-2 10 0 0 1 0 1 1 0 2 3 2 
8 1 9 -1 2 9 -1 3 10 -1 4 9 -2 5 10 -1 6 10 -1 7 9 -1 8 10 -2 
-2 10 0 1 0 0 1 0 1 2 3 2 
8 1 9 -1 2 10 -1 3 9 -1 4 9 -2 5 10 -1 6 9 -1 7 10 -1 8 10 -2 
-2 10 1 0 0 0 0 1 1 2 3 2 
8 1 10 -1 2 9 -1 3 9 -1 4 9 -2 5 9 -1 6 10 -1 7 10 -1 8 10 -2 
-2 10 0 0 0 1 1 1 1 0 2 2 
8 1 9 -1 2 9 -1 3 9 -1 4 10 -1 5 10 -1 6 10 -1 7 10 -1 8 9 -1 
-2 10 0 0 1 0 1 1 0 1 2 2 
8 1 9 -1 2 9 -1 3 10 -1 4 9 -1 5 10 -1 6 10 -1 7 9 -1 8 10 -1 
-2 10 0 1 0 0 1 0 1 1 2 2 
8 1 9 -1 2 10 -1 3 9 -1 4 9 -1 5 10 -1 6 9 -1 7 10 -1 8 10 -1 
-2 10 1 0 0 0 0 1 1 1 2 2 
8 1 10 -1 2 9 -1 3 9 -1 4 9 -1 5 9 -1 6 10 -1 7 10 -1 8 10 -1 
-2 10 0 0 0 1 1 1 1 0 2 2 
8 1 9 -1 2 9 -1 3 9 -1 4 10 -1 5 10 -1 6 10 -1 7 10 -1 8 9 -1 
-2 10 0 0 1 0 1 1 0 1 2 2 
8 1 9 -1 2 9 -1 3 10 -1 4 9 -1 5 10 -1 6 10 -1 7 9 -1 8 10 -1 
-2 10 0 1 0 0 1 0 1 1 2 2 
8 1 9 -1 2 10 -1 3 9 -1 4 9 -1 5 10 -1 6 9 -1 7 10 -1 8 10 -1 
-2 10 1 0 0 0 0 1 1 1 2 2 
8 1 10 -1 2 9 -1 3 9 -1 4 9 -1 5 9 -1 6 10 -1 7 10 -1 8 10 -1 
-2 12 0 0 0 1 1 1 1 0 1 2 2 1 
10 1 9 -1 2 9 -1 3 10 -1 4 12 -1 5 11 -1 6 11 -1 7 12 -1 8 10 -1 9 10 -1 11 12 -1 
-2 12 0 0 1 0 1 1 0 1 1 2 2 1 
10 1 9 -1 2 9 -1 3 12 -1 4 10 -1 5 11 -1 6 11 -1 7 10 -1 8 12 -1 9 10 -1 11 12 -1 
-1 12 1 1 0 0 0 0 1 1 1 2 2 1 
10 1 9 -1 2 11 -1 3 10 -1 4 10 -1 5 11 -1 6 9 -1 7 12 -1 8 12 -1 9 10 -1 11 12 -1 
-1 12 1 1 0 0 0 0 1 1 1 2 2 1 
10 1 11 -1 2 9 -1 3 10 -1 4 10 -1 5 9 -1 6 11 -1 7 12 -1 8 12 -1 9 10 -1 11 12 -1 
-1 12 0 0 1 1 1 1 0 0 2 1 1 2 
10 1 9 -1 2 9 -1 3 10 -1 4 12 -1 5 11 -1 6 11 -1 7 12 -1 8 10 -1 9 10 -1 11 12 -1 
-1 12 0 0 1 1 1 1 0 0 2 1 1 2 
10 1 9 -1 2 9 -1 3 12 -1 4 10 -1 5 11 -1 6 11 -1 7 10 -1 8 12 -1 9 10 -1 11 12 -1 
-2 12 0 1 0 0 1 0 1 1 2 1 1 2 
10 1 9 -1 2 11 -1 3 10 -1 4 10 -1 5 11 -1 6 9 -1 7 12 -1 8 12 -1 9 10 -1 11 12 -1 
-2 12 1 0 0 0 0 1 1 1 2 1 1 2 
10 1 11 -1 2 9 -1 3 10 -1 4 10 -1 5 9 -1 6 11 -1 7 12 -1 8 12 -1 9 10 -1 11 12 -1 
-2 12 0 0 0 1 1 1 1 0 1 2 2 1 
10 1 9 -1 2 10 -1 3 9 -1 4 12 -1 5 11 -1 6 12 -1 7 11 -1 8 10 -1 9 10 -1 11 12 -1 
-1 12 1 0 1 0 0 1 0 1 1 2 2 1 
10 1 9 -1 2 10 -1 3 11 -1 4 10 -1 5 11 -1 6 12 -1 7 9 -1 8 12 -1 9 10 -1 11 12 -1 
-2 12 0 1 0 0 1 0 1 1 1 2 2 1 
10 1 9 -1 2 12 -1 3 9 -1 4 10 -1 5 11 -1 6 10 -1 7 11 -1 8 12 -1 9 10 -1 11 12 -1 
-1 12 1 0 1 0 0 1 0 1 1 2 2 1 
10 1 11 -1 2 10 -1 3 9 -1 4 10 -1 5 9 -1 6 12 -1 7 11 -1 8 12 -1 9 10 -1 11 12 -1 
-1 12 0 1 0 1 1 0 1 0 2 1 1 2 
10 1 9 -1 2 10 -1 3 9 -1 4 12 -1 5 11 -1 6 12 -1 7 11 -1 8 10 -1 9 10 -1 11 12 -1 
-2 12 0 0 1 0 1 1 0 1 2 1 1 2 
10 1 9 -1 2 10 -1 3 11 -1 4 10 -1 5 11 -1 6 12 -1 7 9 -1 8 12 -1 9 10 -1 11 12 -1 
-1 12 0 1 0 1 1 0 1 0 2 1 1 2 
10 1 9 -1 2 12 -1 3 9 -1 4 10 -1 5 11 -1 6 10 -1 7 11 -1 8 12 -1 9 10 -1 11 12 -1 
-2 12 1 0 0 0 0 1 1 1 2 1 1 2 
10 1 11 -1 2 10 -1 3 9 -1 4 10 -1 5 9 -1 6 12 -1 7 11 -1 8 12 -1 9 10 -1 11 12 -1 
-1 12 1 0 0 1 0 1 1 0 1 2 2 1 
10 1 9 -1 2 10 -1 3 10 -1 4 11 -1 5 11 -1 6 12 -1 7 12 -1 8 9 -1 9 10 -1 11 12 -1 
-2 12 0 0 1 0 1 1 0 1 1 2 2 1 
10 1 9 -1 2 10 -1 3 12 -1 4 9 -1 5 11 -1 6 12 -1 7 10 -1 8 11 -1 9 10 -1 11 12 -1 
-2 12 0 1 0 0 1 0 1 1 1 2 2 1 
10 1 9 -1 2 12 -1 3 10 -1 4 9 -1 5 11 -1 6 10 -1 7 12 -1 8 11 -1 9 10 -1 11 12 -1 
-1 12 1 0 0 1 0 1 1 0 1 2 2 1 
10 1 11 -1 2 10 -1 3 10 -1 4 9 -1 5 9 -1 6 12 -1 7 12 -1 8 11 -1 9 10 -1 11 12 -1 
-2 12 0 0 0 1 1 1 1 0 2 1 1 2 
10 1 9 -1 2 10 -1 3 10 -1 4 11 -1 5 11 -1 6 12 -1 7 12 -1 8 9 -1 9 10 -1 11 12 -1 
-1 12 0 1 1 0 1 0 0 1 2 1 1 2 
10 1 9 -1 2 10 -1 3 12 -1 4 9 -1 5 11 -1 6 12 -1 7 10 -1 8 11 -1 9 10 -1 11 12 -1 
-1 12 0 1 1 0 1 0 0 1 2 1 1 2 
10 1 9 -1 2 12 -1 3 10 -1 4 9 -1 5 11 -1 6 10 -1 7 12 -1 8 11 -1 9 10 -1 11 12 -1 
-2 12 1 0 0 0 0 1 1 1 2 1 1 2 
10 1 11 -1 2 10 -1 3 10 -1 4 9 -1 5 9 -1 6 12 -1 7 12 -1 8 11 -1 9 10 -1 11 12 -1 
-2 12 0 0 0 1 1 1 1 0 1 2 2 1 
10 1 10 -1 2 9 -1 3 9 -1 4 12 -1 5 12 -1 6 11 -1 7 11 -1 8 10 -1 9 10 -1 11 12 -1 
-1 12 0 1 1 0 1 0 0 1 1 2 2 1 
10 1 10 -1 2 9 -1 3 11 -1 4 10 -1 5 12 -1 6 11 -1 7 9 -1 8 12 -1 9 10 -1 11 12 -1 
-1 12 0 1 1 0 1 0 0 1 1 2 2 1 
10 1 10 -1 2 11 -1 3 9 -1 4 10 -1 5 12 -1 6 9 -1 7 11 -1 8 12 -1 9 10 -1 11 12 -1 
-2 12 1 0 0 0 0 1 1 1 1 2 2 1 
10 1 12 -1 2 9 -1 3 9 -1 4 10 -1 5 10 -1 6 11 -1 7 11 -1 8 12 -1 9 10 -1 11 12 -1 
-1 12 1 0 0 1 0 1 1 0 2 1 1 2 
10 1 10 -1 2 9 -1 3 9 -1 4 12 -1 5 12 -1 6 11 -1 7 11 -1 8 10 -1 9 10 -1 11 12 -1 
-2 12 0 0 1 0 1 1 0 1 2 1 1 2 
10 1 10 -1 2 9 -1 3 11 -1 4 10 -1 5 12 -1 6 11 -1 7 9 -1 8 12 -1 9 10 -1 11 12 -1 
-2 12 0 1 0 0 1 0 1 1 2 1 1 2 
10 1 10 -1 2 11 -1 3 9 -1 4 10 -1 5 12 -1 6 9 -1 7 11 -1 8 12 -1 9 10 -1 11 12 -1 
-1 12 1 0 0 1 0 1 1 0 2 1 1 2 
10 1 12 -1 2 9 -1 3 9 -1 4 10 -1 5 10 -1 6 11 -1 7 11 -1 8 12 -1 9 10 -1 11 12 -1 
-1 12 0 1 0 1 1 0 1 0 1 2 2 1 
10 1 10 -1 2 9 -1 3 10 -1 4 11 -1 5 12 -1 6 11 -1 7 12 -1 8 9 -1 9 10 -1 11 12 -1 
-2 12 0 0 1 0 1 1 0 1 1 2 2 1 
10 1 10 -1 2 9 -1 3 12 -1 4 9 -1 5 12 -1 6 11 -1 7 10 -1 8 11 -1 9 10 -1 11 12 -1 
-1 12 0 1 0 1 1 0 1 0 1 2 2 1 
10 1 10 -1 2 11 -1 3 10 -1 4 9 -1 5 12 -1 6 9 -1 7 12 -1 8 11 -1 9 10 -1 11 12 -1 
-2 12 1 0 0 0 0 1 1 1 1 2 2 1 
10 1 12 -1 2 9 -1 3 10 -1 4 9 -1 5 10 -1 6 11 -1 7 12 -1 8 11 -1 9 10 -1 11 12 -1 
-2 12 0 0 0 1 1 1 1 0 2 1 1 2 
10 1 10 -1 2 9 -1 3 10 -1 4 11 -1 5 12 -1 6 11 -1 7 12 -1 8 9 -1 9 10 -1 11 12 -1 
-1 12 1 0 1 0 0 1 0 1 2 1 1 2 
10 1 10 -1 2 9 -1 3 12 -1 4 9 -1 5 12 -1 6 11 -1 7 10 -1 8 11 -1 9 10 -1 11 12 -1 
-2 12 0 1 0 0 1 0 1 1 2 1 1 2 
10 1 10 -1 2 11 -1 3 10 -1 4 9 -1 5 12 -1 6 9 -1 7 12 -1 8 11 -1 9 10 -1 11 12 -1 
-1 12 1 0 1 0 0 1 0 1 2 1 1 2 
10 1 12 -1 2 9 -1 3 10 -1 4 9 -1 5 10 -1 6 11 -1 7 12 -1 8 11 -1 9 10 -1 11 12 -1 
-1 12 0 0 1 1 1 1 0 0 1 2 2 1 
10 1 10 -1 2 10 -1 3 9 -1 4 11 -1 5 12 -1 6 12 -1 7 11 -1 8 9 -1 9 10 -1 11 12 -1 
-1 12 0 0 1 1 1 1 0 0 1 2 2 1 
10 1 10 -1 2 10 -1 3 11 -1 4 9 -1 5 12 -1 6 12 -1 7 9 -1 8 11 -1 9 10 -1 11 12 -1 
-2 12 0 1 0 0 1 0 1 1 1 2 2 1 
10 1 10 -1 2 12 -1 3 9 -1 4 9 -1 5 12 -1 6 10 -1 7 11 -1 8 11 -1 9 10 -1 11 12 -1 
-2 12 1 0 0 0 0 1 1 1 1 2 2 1 
10 1 12 -1 2 10 -1 3 9 -1 4 9 -1 5 10 -1 6 12 -1 7 11 -1 8 11 -1 9 10 -1 11 12 -1 
-2 12 0 0 0 1 1 1 1 0 2 1 1 2 
10 1 10 -1 2 10 -1 3 9 -1 4 11 -1 5 12 -1 6 12 -1 7 11 -1 8 9 -1 9 10 -1 11 12 -1 
-2 12 0 0 1 0 1 1 0 1 2 1 1 2 
10 1 10 -1 2 10 -1 3 11 -1 4 9 -1 5 12 -1 6 12 -1 7 9 -1 8 11 -1 9 10 -1 11 12 -1 
-1 12 1 1 0 0 0 0 1 1 2 1 1 2 
10 1 10 -1 2 12 -1 3 9 -1 4 9 -1 5 12 -1 6 10 -1 7 11 -1 8 11 -1 9 10 -1 11 12 -1 
-1 12 1 1 0 0 0 0 1 1 2 1 1 2 
10 1 12 -1 2 10 -1 3 9 -1 4 9 -1 5 10 -1 6 12 -1 7 11 -1 8 11 -1 9 10 -1 11 12 -1 
-1 1 
-1 0 
0 -1 0 0 -1 0 1 1 
0 0 -1 0 -1 1 0 1 
0 0 0 -1 -1 1 1 0 
-1 1 1 1 1 -1 -1 -1 
-1 -1 -1 -1 -2 0 0 0 
0 0 0 0 0 0 1 1 -1 0 1 1 0 -1 1 1 -1 0 1 1 0 -1 1 1 0 0 1 0 0 0 0 1 0 0 0 1 0 0 1 0 0 0 1 1 0 0 1 1 -1 0 1 1 0 -1 1 1 0 0 1 0 0 0 0 1 0 0 0 1 0 0 1 0 0 0 1 0 0 0 0 1 0 0 0 1 0 0 1 0 0 -1 1 1 -1 0 1 1 
0 0 0 0 0 1 0 1 -1 1 0 1 0 1 -1 1 0 1 0 0 0 0 0 1 -1 1 0 1 0 1 -1 1 0 0 0 1 0 1 0 0 0 1 0 1 0 1 0 1 0 1 0 0 0 0 0 1 -1 1 0 1 0 1 -1 1 0 0 0 1 0 1 0 0 0 1 0 0 0 0 0 1 0 1 -1 1 -1 1 0 1 0 0 0 1 0 1 0 0 
0 0 0 0 1 0 0 1 -1 1 1 0 0 1 1 -1 0 1 0 0 0 0 1 0 0 0 1 0 0 1 0 0 -1 1 1 0 0 1 1 -1 0 1 1 0 0 1 1 0 0 1 0 0 0 0 1 0 0 0 1 0 0 1 0 0 -1 1 1 0 0 1 1 -1 0 1 1 -1 -1 1 1 0 0 1 0 0 0 0 1 0 0 0 1 0 0 1 0 0 
0 0 0 0 0 1 1 0 0 1 1 0 0 0 0 0 -1 1 1 -1 0 1 1 0 -1 1 1 -1 0 1 1 0 0 0 0 0 0 1 1 0 0 1 1 0 0 1 1 0 0 1 1 0 0 0 0 0 0 1 1 0 0 0 0 0 0 1 1 0 -1 1 1 -1 -1 1 1 -1 0 1 1 0 0 0 0 0 0 1 1 0 0 0 0 0 0 1 1 0 
0 0 0 0 1 0 1 0 0 1 0 1 0 0 0 0 -1 1 -1 1 0 1 0 1 0 0 0 0 0 1 0 1 -1 1 -1 1 0 1 0 1 0 1 0 1 0 1 0 1 0 1 0 1 0 0 0 0 0 1 0 1 -1 1 -1 1 0 1 0 1 0 0 0 0 0 0 0 0 0 1 0 1 -1 1 -1 1 0 1 0 1 0 0 0 0 0 1 0 1 
0 0 0 0 1 1 0 0 0 0 1 1 0 0 0 0 0 0 0 0 0 0 1 1 -1 -1 1 1 0 0 1 1 -1 -1 1 1 0 0 1 1 0 0 1 1 0 0 1 1 0 0 1 1 -1 -1 1 1 0 0 1 1 0 0 0 0 0 0 1 1 0 0 0 0 0 0 0 0 0 0 1 1 0 0 0 0 0 0 1 1 -1 -1 1 1 0 0 1 1 
-1 0 0 0 0 -1 -1 -1 0 -1 -1 0 -1 0 0 -1 0 -1 -1 0 -1 0 0 -1 0 -1 -1 0 -1 0 0 -1 -1 0 0 -1 0 -1 -1 0 -1 -1 -1 -1 -1 -1 -1 -1 0 -1 -1 0 -1 0 0 -1 0 -1 -1 0 -1 0 0 -1 -1 0 0 -1 0 -1 -1 0 0 -1 -1 0 -1 0 0 -1 -1 0 0 -1 0 -1 -1 0 -1 0 0 -1 0 -1 -1 0 
0 -1 0 0 -1 0 -1 -1 0 -1 0 -1 -1 0 -1 0 0 -1 0 -1 -1 0 -1 0 -1 0 -1 0 0 -1 0 -1 0 -1 0 -1 -1 0 -1 0 -1 -1 -1 -1 -1 -1 -1 -1 0 -1 0 -1 -1 0 -1 0 -1 0 -1 0 0 -1 0 -1 0 -1 0 -1 -1 0 -1 0 -1 0 -1 0 0 -1 0 -1 0 -1 0 -1 -1 0 -1 0 -1 0 -1 0 0 -1 0 -1 
0 0 -1 0 -1 -1 0 -1 0 0 -1 -1 -1 -1 0 0 -1 -1 0 0 0 0 -1 -1 0 0 -1 -1 -1 -1 0 0 0 0 -1 -1 -1 -1 0 0 -1 -1 -1 -1 -1 -1 -1 -1 -1 -1 0 0 0 0 -1 -1 0 0 -1 -1 -1 -1 0 0 0 0 -1 -1 -1 -1 0 0 -1 -1 0 0 0 0 -1 -1 -1 -1 0 0 0 0 -1 -1 0 0 -1 -1 -1 -1 0 0 
0 0 0 -1 -1 -1 -1 0 -1 -1 -1 -1 0 0 0 0 0 0 0 0 -1 -1 -1 -1 0 0 0 0 -1 -1 -1 -1 0 0 0 0 -1 -1 -1 -1 -1 -1 -1 -1 -1 -1 -1 -1 -1 -1 -1 -1 0 0 0 0 -1 -1 -1 -1 0 0 0 0 -1 -1 -1 -1 0 0 0 0 0 0 0 0 -1 -1 -1 -1 0 0 0 0 -1 -1 -1 -1 0 0 0 0 -1 -1 -1 -1 
1 1 1 1 1 1 1 1 1 1 1 1 1 1 1 1 1 1 1 1 1 1 1 1 1 1 1 1 1 1 1 1 1 1 1 1 1 1 1 1 2 2 2 2 2 2 2 2 1 1 1 1 1 1 1 1 1 1 1 1 1 1 1 1 1 1 1 1 1 1 1 1 1 1 1 1 1 1 1 1 1 1 1 1 1 1 1 1 1 1 1 1 1 1 1 1 
-1 -1 -1 -1 0 0 0 0 -3 0 0 0 -2 -1 -1 -1 -3 0 -1 -1 -2 -1 0 0 -3 -1 0 -1 -2 0 -1 0 -3 -1 -1 0 -2 0 0 -1 -2 0 0 0 -2 0 0 0 -2 0 0 0 -2 -2 0 0 -2 0 0 0 -2 0 -2 0 -2 0 0 0 -2 0 0 -2 -2 0 0 -2 -2 0 0 0 -2 0 -2 0 -2 0 0 0 -2 -2 0 0 -2 0 0 0 
0 -1 0 0 -1 0 0 0 -1 -1 1 1 -1 -1 0 0 -1 -1 1 1 -1 -1 0 0 -1 0 0 0 0 -1 0 0 0 -1 0 0 -1 0 0 0 -1 -1 0 0 -1 -1 0 0 -1 -1 1 1 -1 -1 0 0 -1 0 0 0 0 -1 0 0 0 -1 0 0 -1 0 0 0 -1 0 0 0 0 -1 0 0 0 -1 0 0 -1 0 0 0 -1 -1 0 0 -1 -1 1 1 
0 0 -1 0 -1 0 0 0 -1 1 -1 1 -1 0 -1 0 -1 0 0 0 0 0 -1 0 -1 1 -1 1 -1 0 -1 0 0 0 -1 0 -1 0 0 0 -1 0 -1 0 -1 0 -1 0 -1 0 0 0 0 0 -1 0 -1 1 -1 1 -1 0 -1 0 0 0 -1 0 -1 0 0 0 -1 0 0 0 0 0 -1 0 -1 0 -1 0 -1 1 -1 1 0 0 -1 0 -1 0 0 0 
0 0 0 -1 -1 0 0 0 1 -1 -1 1 0 -1 -1 0 0 -1 0 0 0 0 -1 0 0 0 -1 0 0 -1 0 0 1 -1 -1 1 0 -1 -1 0 0 -1 -1 0 0 -1 -1 0 0 -1 0 0 0 0 -1 0 0 0 -1 0 0 -1 0 0 1 -1 -1 1 0 -1 -1 0 0 -1 -1 0 1 -1 -1 1 0 -1 0 0 0 0 -1 0 0 0 -1 0 0 -1 0 0 
0 0 0 0 -1 0 0 -1 -1 0 0 0 0 0 0 -1 -1 1 1 -1 -1 0 0 -1 -1 1 1 -1 -1 0 0 -1 0 0 0 -1 -1 0 0 0 -1 0 0 -1 -1 0 0 -1 -1 0 0 0 0 0 0 -1 -1 0 0 0 0 0 0 -1 -1 0 0 -1 -1 1 1 -1 -1 1 1 -1 -1 0 0 -1 0 0 0 -1 -1 0 0 0 0 0 0 -1 -1 0 0 0 
0 0 0 0 -1 0 -1 0 0 -1 0 0 0 0 0 -1 1 -1 1 -1 0 -1 0 -1 0 0 0 -1 0 -1 0 0 1 -1 1 -1 0 -1 0 -1 0 -1 0 -1 0 -1 0 -1 0 -1 0 0 0 0 0 -1 0 -1 0 -1 1 -1 1 -1 0 -1 0 0 0 0 0 -1 0 0 0 -1 0 -1 0 0 1 -1 1 -1 0 -1 0 -1 0 0 0 -1 0 -1 0 0 
0 0 0 0 -1 -1 0 0 0 0 -1 0 0 0 0 -1 0 0 0 -1 0 0 -1 0 1 1 -1 -1 0 0 -1 -1 1 1 -1 -1 0 0 -1 -1 0 0 -1 -1 0 0 -1 -1 0 0 -1 -1 1 1 -1 -1 0 0 -1 0 0 0 0 -1 0 0 -1 0 0 0 0 -1 0 0 0 -1 0 0 -1 0 0 0 0 -1 0 0 -1 0 1 1 -1 -1 0 0 -1 -1 
0 1 1 0 1 0 0 1 1 0 0 0 0 1 1 1 1 0 0 0 0 1 1 1 1 0 0 0 0 1 1 1 0 1 1 1 1 0 0 0 1 1 1 1 1 1 1 1 1 0 0 0 0 1 1 1 1 0 0 0 0 1 1 1 0 1 1 1 1 0 0 0 1 0 0 0 0 1 1 1 0 1 1 1 1 0 0 0 0 1 1 1 1 0 0 0 
0 1 0 1 1 0 1 0 0 1 0 0 1 0 1 1 0 1 0 0 1 0 1 1 1 0 1 1 0 1 0 0 0 1 0 0 1 0 1 1 1 1 1 1 1 1 1 1 0 1 0 0 1 0 1 1 1 0 1 1 0 1 0 0 0 1 0 0 1 0 1 1 1 0 1 1 0 1 0 0 0 1 0 0 1 0 1 1 1 0 1 1 0 1 0 0 
0 0 1 1 1 1 0 0 0 0 1 0 1 1 0 1 1 1 0 1 0 0 1 0 0 0 1 0 1 1 0 1 0 0 1 0 1 1 0 1 1 1 1 1 1 1 1 1 1 1 0 1 0 0 1 0 0 0 1 0 1 1 0 1 0 0 1 0 1 1 0 1 1 1 0 1 0 0 1 0 1 1 0 1 0 0 1 0 0 0 1 0 1 1 0 1 
0 0 0 0 1 1 1 1 1 1 1 0 0 0 0 1 0 0 0 1 1 1 1 0 0 0 0 1 1 1 1 0 0 0 0 1 1 1 1 0 1 1 1 1 1 1 1 1 1 1 1 0 0 0 0 1 1 1 1 0 0 0 0 1 1 1 1 0 0 0 0 1 0 0 0 1 1 1 1 0 0 0 0 1 1 1 1 0 0 0 0 1 1 1 1 0 
-1 -1 -1 -1 -1 -1 -1 -1 -1 -1 -1 -1 -1 -1 -1 -1 -1 -1 -1 -1 -1 -1 -1 -1 -1 -1 -1 -1 -1 -1 -1 -1 -1 -1 -1 -1 -1 -1 -1 -1 -2 -2 -2 -2 -2 -2 -2 -2 -1 -1 -1 -1 -1 -1 -1 -1 -1 -1 -1 -1 -1 -1 -1 -1 -1 -1 -1 -1 -1 -1 -1 -1 -1 -1 -1 -1 -1 -1 -1 -1 -1 -1 -1 -1 -1 -1 -1 -1 -1 -1 -1 -1 -1 -1 -1 -1 
-1 -1 -1 -1 -3 -1 -1 -1 -2 -2 -2 0 -2 -2 -2 -2 -2 -2 0 -2 -2 -2 -2 -2 -2 0 -2 -2 -2 -2 -2 -2 0 -2 -2 -2 -2 -2 -2 -2 -2 -2 -2 -2 -2 -2 -2 -2 -2 -2 -1 -1 -1 -1 -2 -2 -2 -1 -2 -1 -1 -2 -1 -2 -1 -2 -2 -1 -2 -1 -1 -2 -2 -1 -1 -2 -1 -2 -2 -1 -1 -2 -1 -2 -2 -1 -2 -1 -1 -1 -2 -2 -2 -2 -1 -1 
